{
  "camera_model": "OPENCV",
  "w": 1280,
  "h": 800,
  "fl_x": 627.874230846996,
  "fl_y": 627.8742308469962,
  "cx": 640.0,
  "cy": 400.0,
  "camera_angle_x": 1.5899234597141894,
  "camera_angle_y": 1.1344640137963142,
  "object_info": {
    "center": [
      -1.471668004989624,
      6.494935035705566,
      0.718625009059906
    ],
    "radius": 2.0,
    "height_offset": 0.3
  },
  "frames": [
    {
      "file_path": "./images/0000.png",
      "transform_matrix": [
        [
          0.0,
          -0.3784172534942627,
          0.9256350994110107,
          0.528331995010376
        ],
        [
          1.0,
          0.0,
          -0.0,
          6.494935035705566
        ],
        [
          -0.0,
          0.9256350994110107,
          0.3784172534942627,
          1.536263108253479
        ],
        [
          0.0,
          0.0,
          0.0,
          1.0
        ]
      ]
    },
    {
      "file_path": "./images/0001.png",
      "transform_matrix": [
        [
          0.12533323466777802,
          -0.3754333257675171,
          0.9183362126350403,
          0.5125613808631897
        ],
        [
          0.9921147227287292,
          0.04742825776338577,
          -0.11601284146308899,
          6.244268417358398
        ],
        [
          -0.0,
          0.9256350994110107,
          0.3784172534942627,
          1.536263108253479
        ],
        [
          0.0,
          0.0,
          0.0,
          1.0
        ]
      ]
    },
    {
      "file_path": "./images/0002.png",
      "transform_matrix": [
        [
          0.24868988990783691,
          -0.36652860045433044,
          0.8965545892715454,
          0.46549832820892334
        ],
        [
          0.9685831665992737,
          0.09410854429006577,
          -0.23019608855247498,
          5.997555255889893
        ],
        [
          -0.0,
          0.9256350994110107,
          0.3784172534942627,
          1.536263108253479
        ],
        [
          0.0,
          0.0,
          0.0,
          1.0
        ]
      ]
    },
    {
      "file_path": "./images/0003.png",
      "transform_matrix": [
        [
          0.3681245446205139,
          -0.3518434762954712,
          0.8606337904930115,
          0.3878849744796753
        ],
        [
          0.9297764897346497,
          0.13930468261241913,
          -0.34074902534484863,
          5.758686065673828
        ],
        [
          -0.0,
          0.9256350994110107,
          0.3784172534942627,
          1.536263108253479
        ],
        [
          0.0,
          0.0,
          0.0,
          1.0
        ]
      ]
    },
    {
      "file_path": "./images/0004.png",
      "transform_matrix": [
        [
          0.4817536771297455,
          -0.3316095769405365,
          0.811140239238739,
          0.280945360660553
        ],
        [
          0.8763066530227661,
          0.18230390548706055,
          -0.4459281265735626,
          5.53142786026001
        ],
        [
          -0.0,
          0.9256350994110107,
          0.3784172534942627,
          1.536263108253479
        ],
        [
          0.0,
          0.0,
          0.0,
          1.0
        ]
      ]
    },
    {
      "file_path": "./images/0005.png",
      "transform_matrix": [
        [
          0.5877852439880371,
          -0.3061459958553314,
          0.7488545179367065,
          0.14636598527431488
        ],
        [
          0.80901700258255,
          0.2224280834197998,
          -0.5440746545791626,
          5.319364547729492
        ],
        [
          -0.0,
          0.9256350994110107,
          0.3784172534942627,
          1.536263108253479
        ],
        [
          0.0,
          0.0,
          0.0,
          1.0
        ]
      ]
    },
    {
      "file_path": "./images/0006.png",
      "transform_matrix": [
        [
          0.6845471262931824,
          -0.27585431933403015,
          0.6747589707374573,
          -0.013730750419199467
        ],
        [
          0.728968620300293,
          0.25904443860054016,
          -0.6336408257484436,
          5.125840663909912
        ],
        [
          -0.0,
          0.9256350994110107,
          0.3784172534942627,
          1.536263108253479
        ],
        [
          0.0,
          0.0,
          0.0,
          1.0
        ]
      ]
    },
    {
      "file_path": "./images/0007.png",
      "transform_matrix": [
        [
          0.7705132365226746,
          -0.24121224880218506,
          0.5900220274925232,
          -0.19682002067565918
        ],
        [
          0.6374239921569824,
          0.29157552123069763,
          -0.713214099407196,
          4.953908443450928
        ],
        [
          -0.0,
          0.9256350994110107,
          0.3784172534942627,
          1.536263108253479
        ],
        [
          0.0,
          0.0,
          0.0,
          1.0
        ]
      ]
    },
    {
      "file_path": "./images/0008.png",
      "transform_matrix": [
        [
          0.8443279266357422,
          -0.20276610553264618,
          0.4959801137447357,
          -0.40001440048217773
        ],
        [
          0.5358268022537231,
          0.31950825452804565,
          -0.7815395593643188,
          4.806279182434082
        ],
        [
          -0.0,
          0.9256350994110107,
          0.3784172534942627,
          1.536263108253479
        ],
        [
          0.0,
          0.0,
          0.0,
          1.0
        ]
      ]
    },
    {
      "file_path": "./images/0009.png",
      "transform_matrix": [
        [
          0.9048270583152771,
          -0.16112223267555237,
          0.39411625266075134,
          -0.6201094388961792
        ],
        [
          0.4257792830467224,
          0.3424021899700165,
          -0.8375396728515625,
          4.685280799865723
        ],
        [
          -0.0,
          0.9256350994110107,
          0.3784172534942627,
          1.536263108253479
        ],
        [
          0.0,
          0.0,
          0.0,
          1.0
        ]
      ]
    },
    {
      "file_path": "./images/0010.png",
      "transform_matrix": [
        [
          0.9510565400123596,
          -0.11693736910820007,
          0.28603696823120117,
          -0.8536339998245239
        ],
        [
          0.30901700258255005,
          0.3598962128162384,
          -0.8803313374519348,
          4.592822074890137
        ],
        [
          -0.0,
          0.9256350994110107,
          0.3784172534942627,
          1.536263108253479
        ],
        [
          0.0,
          0.0,
          0.0,
          1.0
        ]
      ]
    },
    {
      "file_path": "./images/0011.png",
      "transform_matrix": [
        [
          0.9822872281074524,
          -0.070908322930336,
          0.17344672977924347,
          -1.0969053506851196
        ],
        [
          0.187381312251091,
          0.37171444296836853,
          -0.9092395901679993,
          4.530360698699951
        ],
        [
          -0.0,
          0.9256350994110107,
          0.3784172534942627,
          1.536263108253479
        ],
        [
          0.0,
          0.0,
          0.0,
          1.0
        ]
      ]
    },
    {
      "file_path": "./images/0012.png",
      "transform_matrix": [
        [
          0.9980267286300659,
          -0.023761017248034477,
          0.05812111124396324,
          -1.3460869789123535
        ],
        [
          0.06279052048921585,
          0.377670556306839,
          -0.9238085746765137,
          4.498881816864014
        ],
        [
          -0.0,
          0.9256350994110107,
          0.3784172534942627,
          1.536263108253479
        ],
        [
          0.0,
          0.0,
          0.0,
          1.0
        ]
      ]
    },
    {
      "file_path": "./images/0013.png",
      "transform_matrix": [
        [
          0.9980267286300659,
          0.023761017248034477,
          -0.05812111124396324,
          -1.5972490310668945
        ],
        [
          -0.06279052048921585,
          0.377670556306839,
          -0.9238085746765137,
          4.498881816864014
        ],
        [
          0.0,
          0.9256350994110107,
          0.3784172534942627,
          1.536263108253479
        ],
        [
          0.0,
          0.0,
          0.0,
          1.0
        ]
      ]
    },
    {
      "file_path": "./images/0014.png",
      "transform_matrix": [
        [
          0.9822872281074524,
          0.070908322930336,
          -0.17344672977924347,
          -1.8464306592941284
        ],
        [
          -0.187381312251091,
          0.37171444296836853,
          -0.9092395901679993,
          4.530360698699951
        ],
        [
          0.0,
          0.9256350994110107,
          0.3784172534942627,
          1.536263108253479
        ],
        [
          0.0,
          0.0,
          0.0,
          1.0
        ]
      ]
    },
    {
      "file_path": "./images/0015.png",
      "transform_matrix": [
        [
          0.9510565400123596,
          0.11693736910820007,
          -0.28603696823120117,
          -2.0897018909454346
        ],
        [
          -0.30901700258255005,
          0.3598962128162384,
          -0.8803313374519348,
          4.592822074890137
        ],
        [
          0.0,
          0.9256350994110107,
          0.3784172534942627,
          1.536263108253479
        ],
        [
          0.0,
          0.0,
          0.0,
          1.0
        ]
      ]
    },
    {
      "file_path": "./images/0016.png",
      "transform_matrix": [
        [
          0.9048270583152771,
          0.16112223267555237,
          -0.39411625266075134,
          -2.3232266902923584
        ],
        [
          -0.4257792830467224,
          0.3424021899700165,
          -0.8375396728515625,
          4.685280799865723
        ],
        [
          0.0,
          0.9256350994110107,
          0.3784172534942627,
          1.536263108253479
        ],
        [
          0.0,
          0.0,
          0.0,
          1.0
        ]
      ]
    },
    {
      "file_path": "./images/0017.png",
      "transform_matrix": [
        [
          0.8443279266357422,
          0.20276610553264618,
          -0.4959801137447357,
          -2.5433216094970703
        ],
        [
          -0.5358268022537231,
          0.31950825452804565,
          -0.7815395593643188,
          4.806279182434082
        ],
        [
          0.0,
          0.9256350994110107,
          0.3784172534942627,
          1.536263108253479
        ],
        [
          0.0,
          0.0,
          0.0,
          1.0
        ]
      ]
    },
    {
      "file_path": "./images/0018.png",
      "transform_matrix": [
        [
          0.7705132365226746,
          0.24121224880218506,
          -0.5900220274925232,
          -2.746515989303589
        ],
        [
          -0.6374239921569824,
          0.29157552123069763,
          -0.713214099407196,
          4.953908443450928
        ],
        [
          0.0,
          0.9256350994110107,
          0.3784172534942627,
          1.536263108253479
        ],
        [
          0.0,
          0.0,
          0.0,
          1.0
        ]
      ]
    },
    {
      "file_path": "./images/0019.png",
      "transform_matrix": [
        [
          0.6845471262931824,
          0.27585431933403015,
          -0.6747589707374573,
          -2.92960524559021
        ],
        [
          -0.728968620300293,
          0.25904443860054016,
          -0.6336408257484436,
          5.125840663909912
        ],
        [
          0.0,
          0.9256350994110107,
          0.3784172534942627,
          1.536263108253479
        ],
        [
          0.0,
          0.0,
          0.0,
          1.0
        ]
      ]
    },
    {
      "file_path": "./images/0020.png",
      "transform_matrix": [
        [
          0.5877852439880371,
          0.3061459958553314,
          -0.7488545179367065,
          -3.0897018909454346
        ],
        [
          -0.80901700258255,
          0.2224280834197998,
          -0.5440746545791626,
          5.319364547729492
        ],
        [
          0.0,
          0.9256350994110107,
          0.3784172534942627,
          1.536263108253479
        ],
        [
          0.0,
          0.0,
          0.0,
          1.0
        ]
      ]
    },
    {
      "file_path": "./images/0021.png",
      "transform_matrix": [
        [
          0.4817536771297455,
          0.3316095769405365,
          -0.811140239238739,
          -3.2242813110351562
        ],
        [
          -0.8763066530227661,
          0.18230390548706055,
          -0.4459281265735626,
          5.53142786026001
        ],
        [
          0.0,
          0.9256350994110107,
          0.3784172534942627,
          1.536263108253479
        ],
        [
          0.0,
          0.0,
          0.0,
          1.0
        ]
      ]
    },
    {
      "file_path": "./images/0022.png",
      "transform_matrix": [
        [
          0.3681245446205139,
          0.3518434762954712,
          -0.8606337904930115,
          -3.331220865249634
        ],
        [
          -0.9297764897346497,
          0.13930468261241913,
          -0.34074902534484863,
          5.758686065673828
        ],
        [
          0.0,
          0.9256350994110107,
          0.3784172534942627,
          1.536263108253479
        ],
        [
          0.0,
          0.0,
          0.0,
          1.0
        ]
      ]
    },
    {
      "file_path": "./images/0023.png",
      "transform_matrix": [
        [
          0.24868988990783691,
          0.36652860045433044,
          -0.8965545892715454,
          -3.408834218978882
        ],
        [
          -0.9685831665992737,
          0.09410854429006577,
          -0.23019608855247498,
          5.997555255889893
        ],
        [
          0.0,
          0.9256350994110107,
          0.3784172534942627,
          1.536263108253479
        ],
        [
          0.0,
          0.0,
          0.0,
          1.0
        ]
      ]
    },
    {
      "file_path": "./images/0024.png",
      "transform_matrix": [
        [
          0.12533323466777802,
          0.3754333257675171,
          -0.9183362126350403,
          -3.455897331237793
        ],
        [
          -0.9921147227287292,
          0.04742825776338577,
          -0.11601284146308899,
          6.244268417358398
        ],
        [
          0.0,
          0.9256350994110107,
          0.3784172534942627,
          1.536263108253479
        ],
        [
          0.0,
          0.0,
          0.0,
          1.0
        ]
      ]
    },
    {
      "file_path": "./images/0025.png",
      "transform_matrix": [
        [
          0.0,
          0.3784172534942627,
          -0.9256350994110107,
          -3.471668004989624
        ],
        [
          -1.0,
          0.0,
          -0.0,
          6.494935035705566
        ],
        [
          0.0,
          0.9256350994110107,
          0.3784172534942627,
          1.536263108253479
        ],
        [
          0.0,
          0.0,
          0.0,
          1.0
        ]
      ]
    },
    {
      "file_path": "./images/0026.png",
      "transform_matrix": [
        [
          -0.12533323466777802,
          0.3754333257675171,
          -0.9183362126350403,
          -3.455897331237793
        ],
        [
          -0.9921147227287292,
          -0.04742825776338577,
          0.11601284146308899,
          6.745601654052734
        ],
        [
          0.0,
          0.9256350994110107,
          0.3784172534942627,
          1.536263108253479
        ],
        [
          0.0,
          0.0,
          0.0,
          1.0
        ]
      ]
    },
    {
      "file_path": "./images/0027.png",
      "transform_matrix": [
        [
          -0.24868988990783691,
          0.36652860045433044,
          -0.8965545892715454,
          -3.408834218978882
        ],
        [
          -0.9685831665992737,
          -0.09410854429006577,
          0.23019608855247498,
          6.99231481552124
        ],
        [
          0.0,
          0.9256350994110107,
          0.3784172534942627,
          1.536263108253479
        ],
        [
          0.0,
          0.0,
          0.0,
          1.0
        ]
      ]
    },
    {
      "file_path": "./images/0028.png",
      "transform_matrix": [
        [
          -0.3681245446205139,
          0.3518434762954712,
          -0.8606337904930115,
          -3.331220865249634
        ],
        [
          -0.9297764897346497,
          -0.13930468261241913,
          0.34074902534484863,
          7.231184005737305
        ],
        [
          0.0,
          0.9256350994110107,
          0.3784172534942627,
          1.536263108253479
        ],
        [
          0.0,
          0.0,
          0.0,
          1.0
        ]
      ]
    },
    {
      "file_path": "./images/0029.png",
      "transform_matrix": [
        [
          -0.4817536771297455,
          0.3316095769405365,
          -0.811140239238739,
          -3.2242813110351562
        ],
        [
          -0.8763066530227661,
          -0.18230390548706055,
          0.4459281265735626,
          7.458442211151123
        ],
        [
          0.0,
          0.9256350994110107,
          0.3784172534942627,
          1.536263108253479
        ],
        [
          0.0,
          0.0,
          0.0,
          1.0
        ]
      ]
    },
    {
      "file_path": "./images/0030.png",
      "transform_matrix": [
        [
          -0.5877852439880371,
          0.3061459958553314,
          -0.7488545179367065,
          -3.0897018909454346
        ],
        [
          -0.80901700258255,
          -0.2224280834197998,
          0.5440746545791626,
          7.670505523681641
        ],
        [
          0.0,
          0.9256350994110107,
          0.3784172534942627,
          1.536263108253479
        ],
        [
          0.0,
          0.0,
          0.0,
          1.0
        ]
      ]
    },
    {
      "file_path": "./images/0031.png",
      "transform_matrix": [
        [
          -0.6845471262931824,
          0.27585431933403015,
          -0.6747589707374573,
          -2.92960524559021
        ],
        [
          -0.728968620300293,
          -0.25904443860054016,
          0.6336408257484436,
          7.864029407501221
        ],
        [
          0.0,
          0.9256350994110107,
          0.3784172534942627,
          1.536263108253479
        ],
        [
          0.0,
          0.0,
          0.0,
          1.0
        ]
      ]
    },
    {
      "file_path": "./images/0032.png",
      "transform_matrix": [
        [
          -0.7705132365226746,
          0.24121224880218506,
          -0.5900220274925232,
          -2.746515989303589
        ],
        [
          -0.6374239921569824,
          -0.29157552123069763,
          0.713214099407196,
          8.035961151123047
        ],
        [
          0.0,
          0.9256350994110107,
          0.3784172534942627,
          1.536263108253479
        ],
        [
          0.0,
          0.0,
          0.0,
          1.0
        ]
      ]
    },
    {
      "file_path": "./images/0033.png",
      "transform_matrix": [
        [
          -0.8443279266357422,
          0.20276610553264618,
          -0.4959801137447357,
          -2.5433216094970703
        ],
        [
          -0.5358268022537231,
          -0.31950825452804565,
          0.7815395593643188,
          8.18359088897705
        ],
        [
          0.0,
          0.9256350994110107,
          0.3784172534942627,
          1.536263108253479
        ],
        [
          0.0,
          0.0,
          0.0,
          1.0
        ]
      ]
    },
    {
      "file_path": "./images/0034.png",
      "transform_matrix": [
        [
          -0.9048270583152771,
          0.16112223267555237,
          -0.39411625266075134,
          -2.3232266902923584
        ],
        [
          -0.4257792830467224,
          -0.3424021899700165,
          0.8375396728515625,
          8.30458927154541
        ],
        [
          0.0,
          0.9256350994110107,
          0.3784172534942627,
          1.536263108253479
        ],
        [
          0.0,
          0.0,
          0.0,
          1.0
        ]
      ]
    },
    {
      "file_path": "./images/0035.png",
      "transform_matrix": [
        [
          -0.9510565400123596,
          0.11693736910820007,
          -0.28603696823120117,
          -2.0897018909454346
        ],
        [
          -0.30901700258255005,
          -0.3598962128162384,
          0.8803313374519348,
          8.397047996520996
        ],
        [
          0.0,
          0.9256350994110107,
          0.3784172534942627,
          1.536263108253479
        ],
        [
          0.0,
          0.0,
          0.0,
          1.0
        ]
      ]
    },
    {
      "file_path": "./images/0036.png",
      "transform_matrix": [
        [
          -0.9822872281074524,
          0.070908322930336,
          -0.17344672977924347,
          -1.8464306592941284
        ],
        [
          -0.187381312251091,
          -0.37171444296836853,
          0.9092395901679993,
          8.45950984954834
        ],
        [
          0.0,
          0.9256350994110107,
          0.3784172534942627,
          1.536263108253479
        ],
        [
          0.0,
          0.0,
          0.0,
          1.0
        ]
      ]
    },
    {
      "file_path": "./images/0037.png",
      "transform_matrix": [
        [
          -0.9980267286300659,
          0.023761017248034477,
          -0.05812111124396324,
          -1.5972490310668945
        ],
        [
          -0.06279052048921585,
          -0.377670556306839,
          0.9238085746765137,
          8.490988731384277
        ],
        [
          0.0,
          0.9256350994110107,
          0.3784172534942627,
          1.536263108253479
        ],
        [
          0.0,
          0.0,
          0.0,
          1.0
        ]
      ]
    },
    {
      "file_path": "./images/0038.png",
      "transform_matrix": [
        [
          -0.9980267286300659,
          -0.023761017248034477,
          0.05812111124396324,
          -1.3460869789123535
        ],
        [
          0.06279052048921585,
          -0.377670556306839,
          0.9238085746765137,
          8.490988731384277
        ],
        [
          0.0,
          0.9256350994110107,
          0.3784172534942627,
          1.536263108253479
        ],
        [
          0.0,
          0.0,
          0.0,
          1.0
        ]
      ]
    },
    {
      "file_path": "./images/0039.png",
      "transform_matrix": [
        [
          -0.9822872281074524,
          -0.070908322930336,
          0.17344672977924347,
          -1.0969053506851196
        ],
        [
          0.187381312251091,
          -0.37171444296836853,
          0.9092395901679993,
          8.45950984954834
        ],
        [
          0.0,
          0.9256350994110107,
          0.3784172534942627,
          1.536263108253479
        ],
        [
          0.0,
          0.0,
          0.0,
          1.0
        ]
      ]
    },
    {
      "file_path": "./images/0040.png",
      "transform_matrix": [
        [
          -0.9510565400123596,
          -0.11693736910820007,
          0.28603696823120117,
          -0.8536339998245239
        ],
        [
          0.30901700258255005,
          -0.3598962128162384,
          0.8803313374519348,
          8.397047996520996
        ],
        [
          0.0,
          0.9256350994110107,
          0.3784172534942627,
          1.536263108253479
        ],
        [
          0.0,
          0.0,
          0.0,
          1.0
        ]
      ]
    },
    {
      "file_path": "./images/0041.png",
      "transform_matrix": [
        [
          -0.9048270583152771,
          -0.16112223267555237,
          0.39411625266075134,
          -0.6201094388961792
        ],
        [
          0.4257792830467224,
          -0.3424021899700165,
          0.8375396728515625,
          8.30458927154541
        ],
        [
          0.0,
          0.9256350994110107,
          0.3784172534942627,
          1.536263108253479
        ],
        [
          0.0,
          0.0,
          0.0,
          1.0
        ]
      ]
    },
    {
      "file_path": "./images/0042.png",
      "transform_matrix": [
        [
          -0.8443279266357422,
          -0.20276610553264618,
          0.4959801137447357,
          -0.40001440048217773
        ],
        [
          0.5358268022537231,
          -0.31950825452804565,
          0.7815395593643188,
          8.18359088897705
        ],
        [
          0.0,
          0.9256350994110107,
          0.3784172534942627,
          1.536263108253479
        ],
        [
          0.0,
          0.0,
          0.0,
          1.0
        ]
      ]
    },
    {
      "file_path": "./images/0043.png",
      "transform_matrix": [
        [
          -0.7705132365226746,
          -0.24121224880218506,
          0.5900220274925232,
          -0.19682002067565918
        ],
        [
          0.6374239921569824,
          -0.29157552123069763,
          0.713214099407196,
          8.035961151123047
        ],
        [
          0.0,
          0.9256350994110107,
          0.3784172534942627,
          1.536263108253479
        ],
        [
          0.0,
          0.0,
          0.0,
          1.0
        ]
      ]
    },
    {
      "file_path": "./images/0044.png",
      "transform_matrix": [
        [
          -0.6845471262931824,
          -0.27585431933403015,
          0.6747589707374573,
          -0.013730750419199467
        ],
        [
          0.728968620300293,
          -0.25904443860054016,
          0.6336408257484436,
          7.864029407501221
        ],
        [
          0.0,
          0.9256350994110107,
          0.3784172534942627,
          1.536263108253479
        ],
        [
          0.0,
          0.0,
          0.0,
          1.0
        ]
      ]
    },
    {
      "file_path": "./images/0045.png",
      "transform_matrix": [
        [
          -0.5877852439880371,
          -0.3061459958553314,
          0.7488545179367065,
          0.14636598527431488
        ],
        [
          0.80901700258255,
          -0.2224280834197998,
          0.5440746545791626,
          7.670505523681641
        ],
        [
          0.0,
          0.9256350994110107,
          0.3784172534942627,
          1.536263108253479
        ],
        [
          0.0,
          0.0,
          0.0,
          1.0
        ]
      ]
    },
    {
      "file_path": "./images/0046.png",
      "transform_matrix": [
        [
          -0.4817536771297455,
          -0.3316095769405365,
          0.811140239238739,
          0.280945360660553
        ],
        [
          0.8763066530227661,
          -0.18230390548706055,
          0.4459281265735626,
          7.458442211151123
        ],
        [
          0.0,
          0.9256350994110107,
          0.3784172534942627,
          1.536263108253479
        ],
        [
          0.0,
          0.0,
          0.0,
          1.0
        ]
      ]
    },
    {
      "file_path": "./images/0047.png",
      "transform_matrix": [
        [
          -0.3681245446205139,
          -0.3518434762954712,
          0.8606337904930115,
          0.3878849744796753
        ],
        [
          0.9297764897346497,
          -0.13930468261241913,
          0.34074902534484863,
          7.231184005737305
        ],
        [
          0.0,
          0.9256350994110107,
          0.3784172534942627,
          1.536263108253479
        ],
        [
          0.0,
          0.0,
          0.0,
          1.0
        ]
      ]
    },
    {
      "file_path": "./images/0048.png",
      "transform_matrix": [
        [
          -0.24868988990783691,
          -0.36652860045433044,
          0.8965545892715454,
          0.46549832820892334
        ],
        [
          0.9685831665992737,
          -0.09410854429006577,
          0.23019608855247498,
          6.99231481552124
        ],
        [
          0.0,
          0.9256350994110107,
          0.3784172534942627,
          1.536263108253479
        ],
        [
          0.0,
          0.0,
          0.0,
          1.0
        ]
      ]
    },
    {
      "file_path": "./images/0049.png",
      "transform_matrix": [
        [
          -0.12533323466777802,
          -0.3754333257675171,
          0.9183362126350403,
          0.5125613808631897
        ],
        [
          0.9921147227287292,
          -0.04742825776338577,
          0.11601284146308899,
          6.745601654052734
        ],
        [
          0.0,
          0.9256350994110107,
          0.3784172534942627,
          1.536263108253479
        ],
        [
          0.0,
          0.0,
          0.0,
          1.0
        ]
      ]
    }
  ]
}